IP  28 [0 1 28 16134795 1 1]: eqrr [3 0 5]
IP  28 [0 1 28 12695696 247 1]: eqrr [3 0 5]
IP  28 [0 1 28 11871859 193 1]: eqrr [3 0 5]
IP  28 [0 1 28 15372934 181 1]: eqrr [3 0 5]
IP  28 [0 1 28 10379085 235 1]: eqrr [3 0 5]
IP  28 [0 1 28 3430963 159 1]: eqrr [3 0 5]
IP  28 [0 1 28 1267162 53 1]: eqrr [3 0 5]
IP  28 [0 1 28 14996012 19 1]: eqrr [3 0 5]
IP  28 [0 1 28 14913501 229 1]: eqrr [3 0 5]
IP  28 [0 1 28 11873279 227 1]: eqrr [3 0 5]
IP  28 [0 1 28 13311367 181 1]: eqrr [3 0 5]
IP  28 [0 1 28 13225907 203 1]: eqrr [3 0 5]
IP  28 [0 1 28 13602755 201 1]: eqrr [3 0 5]
IP  28 [0 1 28 2273077 207 1]: eqrr [3 0 5]
IP  28 [0 1 28 12835943 35 1]: eqrr [3 0 5]
IP  28 [0 1 28 5259778 195 1]: eqrr [3 0 5]
IP  28 [0 1 28 69715 81 1]: eqrr [3 0 5]
IP  28 [0 1 28 642308 1 1]: eqrr [3 0 5]
IP  28 [0 1 28 777556 9 1]: eqrr [3 0 5]
IP  28 [0 1 28 1238442 11 1]: eqrr [3 0 5]
IP  28 [0 1 28 8194732 19 1]: eqrr [3 0 5]
IP  28 [0 1 28 2557277 125 1]: eqrr [3 0 5]
IP  28 [0 1 28 1605681 39 1]: eqrr [3 0 5]
IP  28 [0 1 28 16637174 25 1]: eqrr [3 0 5]
IP  28 [0 1 28 4302493 253 1]: eqrr [3 0 5]
IP  28 [0 1 28 4419624 65 1]: eqrr [3 0 5]
IP  28 [0 1 28 8138249 67 1]: eqrr [3 0 5]
IP  28 [0 1 28 7282312 125 1]: eqrr [3 0 5]
IP  28 [0 1 28 4861003 111 1]: eqrr [3 0 5]
IP  28 [0 1 28 13475734 75 1]: eqrr [3 0 5]
IP  28 [0 1 28 12983640 205 1]: eqrr [3 0 5]
IP  28 [0 1 28 14767818 199 1]: eqrr [3 0 5]
IP  28 [0 1 28 4076495 225 1]: eqrr [3 0 5]
IP  28 [0 1 28 2833517 63 1]: eqrr [3 0 5]
IP  28 [0 1 28 13820108 43 1]: eqrr [3 0 5]
IP  28 [0 1 28 11227221 211 1]: eqrr [3 0 5]
IP  28 [0 1 28 12526840 171 1]: eqrr [3 0 5]
IP  28 [0 1 28 13308513 191 1]: eqrr [3 0 5]
IP  28 [0 1 28 13172078 203 1]: eqrr [3 0 5]
IP  28 [0 1 28 5286562 201 1]: eqrr [3 0 5]
IP  28 [0 1 28 13360987 81 1]: eqrr [3 0 5]
IP  28 [0 1 28 10879393 203 1]: eqrr [3 0 5]
IP  28 [0 1 28 8630489 167 1]: eqrr [3 0 5]
IP  28 [0 1 28 1674348 131 1]: eqrr [3 0 5]
IP  28 [0 1 28 3982531 25 1]: eqrr [3 0 5]
IP  28 [0 1 28 4747388 61 1]: eqrr [3 0 5]
IP  28 [0 1 28 1737159 73 1]: eqrr [3 0 5]
IP  28 [0 1 28 11598631 27 1]: eqrr [3 0 5]
IP  28 [0 1 28 3106851 177 1]: eqrr [3 0 5]
IP  28 [0 1 28 9416262 47 1]: eqrr [3 0 5]
IP  28 [0 1 28 11211861 143 1]: eqrr [3 0 5]
IP  28 [0 1 28 1999260 171 1]: eqrr [3 0 5]
IP  28 [0 1 28 14941922 31 1]: eqrr [3 0 5]
IP  28 [0 1 28 7776213 227 1]: eqrr [3 0 5]
IP  28 [0 1 28 6418843 119 1]: eqrr [3 0 5]
IP  28 [0 1 28 10662165 97 1]: eqrr [3 0 5]
IP  28 [0 1 28 5836025 163 1]: eqrr [3 0 5]
IP  28 [0 1 28 2694330 89 1]: eqrr [3 0 5]
IP  28 [0 1 28 4639693 41 1]: eqrr [3 0 5]
IP  28 [0 1 28 7023863 71 1]: eqrr [3 0 5]
IP  28 [0 1 28 3265722 107 1]: eqrr [3 0 5]
IP  28 [0 1 28 9489437 49 1]: eqrr [3 0 5]
IP  28 [0 1 28 3547022 145 1]: eqrr [3 0 5]
IP  28 [0 1 28 461198 55 1]: eqrr [3 0 5]
IP  28 [0 1 28 4622744 7 1]: eqrr [3 0 5]
IP  28 [0 1 28 12114966 71 1]: eqrr [3 0 5]
IP  28 [0 1 28 12352913 185 1]: eqrr [3 0 5]
IP  28 [0 1 28 15555703 189 1]: eqrr [3 0 5]
IP  28 [0 1 28 13035072 237 1]: eqrr [3 0 5]
IP  28 [0 1 28 447043 199 1]: eqrr [3 0 5]
IP  28 [0 1 28 7610504 7 1]: eqrr [3 0 5]
IP  28 [0 1 28 14911 117 1]: eqrr [3 0 5]
IP  28 [0 1 28 1640674 1 1]: eqrr [3 0 5]
IP  28 [0 1 28 1633185 25 1]: eqrr [3 0 5]
IP  28 [0 1 28 6775961 25 1]: eqrr [3 0 5]
IP  28 [0 1 28 10846476 103 1]: eqrr [3 0 5]
IP  28 [0 1 28 11456052 165 1]: eqrr [3 0 5]
IP  28 [0 1 28 7609087 175 1]: eqrr [3 0 5]
IP  28 [0 1 28 3314814 117 1]: eqrr [3 0 5]
IP  28 [0 1 28 7241023 51 1]: eqrr [3 0 5]
IP  28 [0 1 28 1071943 111 1]: eqrr [3 0 5]
IP  28 [0 1 28 2644995 17 1]: eqrr [3 0 5]
IP  28 [0 1 28 13499064 41 1]: eqrr [3 0 5]
IP  28 [0 1 28 3430433 205 1]: eqrr [3 0 5]
IP  28 [0 1 28 774802 53 1]: eqrr [3 0 5]
IP  28 [0 1 28 16262097 11 1]: eqrr [3 0 5]
IP  28 [0 1 28 7328065 249 1]: eqrr [3 0 5]
IP  28 [0 1 28 16447649 111 1]: eqrr [3 0 5]
IP  28 [0 1 28 4376692 251 1]: eqrr [3 0 5]
IP  28 [0 1 28 3049029 67 1]: eqrr [3 0 5]
IP  28 [0 1 28 8733434 47 1]: eqrr [3 0 5]
IP  28 [0 1 28 15387255 133 1]: eqrr [3 0 5]
IP  28 [0 1 28 9834216 235 1]: eqrr [3 0 5]
IP  28 [0 1 28 12900499 151 1]: eqrr [3 0 5]
IP  28 [0 1 28 13113400 197 1]: eqrr [3 0 5]
IP  28 [0 1 28 1032611 201 1]: eqrr [3 0 5]
IP  28 [0 1 28 16161975 15 1]: eqrr [3 0 5]
IP  28 [0 1 28 571246 247 1]: eqrr [3 0 5]
IP  28 [0 1 28 8313804 9 1]: eqrr [3 0 5]
IP  28 [0 1 28 2018204 127 1]: eqrr [3 0 5]
IP  28 [0 1 28 5556316 31 1]: eqrr [3 0 5]
IP  28 [0 1 28 13367299 85 1]: eqrr [3 0 5]
IP  28 [0 1 28 1214762 203 1]: eqrr [3 0 5]
IP  28 [0 1 28 7202480 19 1]: eqrr [3 0 5]
IP  28 [0 1 28 13416181 109 1]: eqrr [3 0 5]
IP  28 [0 1 28 16522948 205 1]: eqrr [3 0 5]
IP  28 [0 1 28 16554265 253 1]: eqrr [3 0 5]
IP  28 [0 1 28 8830091 253 1]: eqrr [3 0 5]
IP  28 [0 1 28 12751226 135 1]: eqrr [3 0 5]
IP  28 [0 1 28 6541304 195 1]: eqrr [3 0 5]
IP  28 [0 1 28 12083584 99 1]: eqrr [3 0 5]
IP  28 [0 1 28 16148748 185 1]: eqrr [3 0 5]
IP  28 [0 1 28 12648738 247 1]: eqrr [3 0 5]
IP  28 [0 1 28 3442826 193 1]: eqrr [3 0 5]
IP  28 [0 1 28 9089869 53 1]: eqrr [3 0 5]
IP  28 [0 1 28 74379 139 1]: eqrr [3 0 5]
IP  28 [0 1 28 4861998 1 1]: eqrr [3 0 5]
IP  28 [0 1 28 10532115 75 1]: eqrr [3 0 5]
IP  28 [0 1 28 11361377 161 1]: eqrr [3 0 5]
IP  28 [0 1 28 1809502 173 1]: eqrr [3 0 5]
IP  28 [0 1 28 8054431 27 1]: eqrr [3 0 5]
IP  28 [0 1 28 8923468 123 1]: eqrr [3 0 5]
IP  28 [0 1 28 8965032 137 1]: eqrr [3 0 5]
IP  28 [0 1 28 16364174 137 1]: eqrr [3 0 5]
IP  28 [0 1 28 13872351 249 1]: eqrr [3 0 5]
IP  28 [0 1 28 2563306 211 1]: eqrr [3 0 5]
IP  28 [0 1 28 3020935 39 1]: eqrr [3 0 5]
IP  28 [0 1 28 16049378 47 1]: eqrr [3 0 5]
IP  28 [0 1 28 9992849 245 1]: eqrr [3 0 5]
IP  28 [0 1 28 4268352 153 1]: eqrr [3 0 5]
IP  28 [0 1 28 4586468 65 1]: eqrr [3 0 5]
IP  28 [0 1 28 5863494 69 1]: eqrr [3 0 5]
IP  28 [0 1 28 14955709 89 1]: eqrr [3 0 5]
IP  28 [0 1 28 5418162 229 1]: eqrr [3 0 5]
IP  28 [0 1 28 13348051 83 1]: eqrr [3 0 5]
IP  28 [0 1 28 14990766 203 1]: eqrr [3 0 5]
IP  28 [0 1 28 10696918 229 1]: eqrr [3 0 5]
IP  28 [0 1 28 15326747 163 1]: eqrr [3 0 5]
IP  28 [0 1 28 11867314 233 1]: eqrr [3 0 5]
IP  28 [0 1 28 15505905 181 1]: eqrr [3 0 5]
IP  28 [0 1 28 9472995 237 1]: eqrr [3 0 5]
IP  28 [0 1 28 2086599 145 1]: eqrr [3 0 5]
IP  28 [0 1 28 7202880 31 1]: eqrr [3 0 5]
IP  28 [0 1 28 6051863 109 1]: eqrr [3 0 5]
IP  28 [0 1 28 225292 93 1]: eqrr [3 0 5]
IP  28 [0 1 28 11778613 3 1]: eqrr [3 0 5]
IP  28 [0 1 28 10274442 179 1]: eqrr [3 0 5]
IP  28 [0 1 28 4452243 157 1]: eqrr [3 0 5]
IP  28 [0 1 28 11378305 67 1]: eqrr [3 0 5]
IP  28 [0 1 28 6806128 173 1]: eqrr [3 0 5]
IP  28 [0 1 28 7305479 103 1]: eqrr [3 0 5]
IP  28 [0 1 28 10493499 111 1]: eqrr [3 0 5]
IP  28 [0 1 28 405050 161 1]: eqrr [3 0 5]
IP  28 [0 1 28 15115033 7 1]: eqrr [3 0 5]
IP  28 [0 1 28 14727315 231 1]: eqrr [3 0 5]
IP  28 [0 1 28 14936268 225 1]: eqrr [3 0 5]
IP  28 [0 1 28 8092877 227 1]: eqrr [3 0 5]
IP  28 [0 1 28 16162716 123 1]: eqrr [3 0 5]
IP  28 [0 1 28 885464 247 1]: eqrr [3 0 5]
IP  28 [0 1 28 13470601 13 1]: eqrr [3 0 5]
IP  28 [0 1 28 10925741 205 1]: eqrr [3 0 5]
IP  28 [0 1 28 7860618 167 1]: eqrr [3 0 5]
IP  28 [0 1 28 6696644 119 1]: eqrr [3 0 5]
IP  28 [0 1 28 15069175 103 1]: eqrr [3 0 5]
IP  28 [0 1 28 3576995 229 1]: eqrr [3 0 5]
IP  28 [0 1 28 2513642 55 1]: eqrr [3 0 5]
IP  28 [0 1 28 8307029 39 1]: eqrr [3 0 5]
IP  28 [0 1 28 15473213 127 1]: eqrr [3 0 5]
IP  28 [0 1 28 16533440 237 1]: eqrr [3 0 5]
IP  28 [0 1 28 8492910 253 1]: eqrr [3 0 5]
IP  28 [0 1 28 16199380 129 1]: eqrr [3 0 5]
IP  28 [0 1 28 12878167 247 1]: eqrr [3 0 5]
IP  28 [0 1 28 3901413 197 1]: eqrr [3 0 5]
IP  28 [0 1 28 7539351 59 1]: eqrr [3 0 5]
IP  28 [0 1 28 11986016 115 1]: eqrr [3 0 5]
IP  28 [0 1 28 14827649 183 1]: eqrr [3 0 5]
IP  28 [0 1 28 5056276 227 1]: eqrr [3 0 5]
IP  28 [0 1 28 9191162 77 1]: eqrr [3 0 5]
IP  28 [0 1 28 9620203 141 1]: eqrr [3 0 5]
IP  28 [0 1 28 7432124 147 1]: eqrr [3 0 5]
IP  28 [0 1 28 14792382 113 1]: eqrr [3 0 5]
IP  28 [0 1 28 320843 225 1]: eqrr [3 0 5]
IP  28 [0 1 28 10564613 5 1]: eqrr [3 0 5]
IP  28 [0 1 28 9433246 161 1]: eqrr [3 0 5]
IP  28 [0 1 28 492687 143 1]: eqrr [3 0 5]
IP  28 [0 1 28 1357006 7 1]: eqrr [3 0 5]
IP  28 [0 1 28 13992901 21 1